    1.1228      1.71566892      1.07848490
    0.6696      0.84011895      0.62741057
    0.6653      0.55687231      0.43892695
    0.6656      0.42093766      0.36896006
    0.7198      0.35879591      0.30828640
    0.6651      0.31460647      0.29296478
    0.6664      0.28301419      0.25801887
    0.6651      0.25768909      0.22968504
    0.6619      0.23656400      0.22433899
    0.6621      0.21966626      0.20361218
    0.6632      0.20629661      0.20038668
    0.6630      0.19553673      0.18950846
    0.6603      0.18626862      0.17636770
    0.6580      0.17756555      0.17227486
    0.6588      0.17103534      0.18210366
    0.7076      0.16316349      0.16376752
    0.6618      0.15790943      0.15469383
    0.6674      0.15218723      0.14916833
    0.6634      0.14791149      0.15279407
    0.6619      0.14423577      0.15011308
    0.6600      0.14078211      0.13914834
    0.6619      0.13627585      0.14065761
    0.6602      0.13207283      0.13246232
    0.6596      0.12991503      0.12858173
    0.6665      0.12568836      0.13748647
    0.6668      0.12262189      0.12400888
    0.7196      0.12083852      0.12345110
    0.6688      0.11769997      0.12008362
    0.6664      0.11511161      0.11915388
    0.6654      0.11321983      0.12078875
    0.6672      0.11121770      0.11506310
    0.6663      0.10903151      0.11560603
    0.6644      0.10690940      0.11145914
    0.6624      0.10606164      0.10996262
    0.6653      0.10350414      0.10877493
    0.6693      0.10296032      0.10795934
    0.7190      0.10083553      0.10575023
    0.6696      0.09852318      0.10263737
    0.6730      0.09711322      0.10318958
    0.6674      0.09620413      0.10055712
    0.6642      0.09498731      0.10000874
    0.6629      0.09359963      0.09994768
    0.6665      0.09217070      0.09724623
    0.6637      0.09097497      0.09803263
    0.6657      0.08943422      0.10130171
    0.6667      0.08909000      0.09329818
    0.6659      0.08679312      0.09254703
    0.7111      0.08642303      0.09370672
    0.6598      0.08487540      0.09250455
    0.6606      0.08459376      0.09075432
    0.6593      0.08371890      0.08839221
    0.6603      0.08262120      0.09485133
    0.6615      0.08178166      0.08960383
    0.6629      0.08086343      0.08830600
    0.6616      0.07931976      0.08563679
    0.6607      0.07876202      0.08601513
    0.6626      0.07846580      0.08538216
    0.7181      0.07726452      0.08699841
    0.6614      0.07682856      0.08591155
    0.6614      0.07590536      0.08302244
    0.6618      0.07512473      0.08250705
    0.6579      0.07399947      0.08300140
    0.6630      0.07378551      0.08252951
    0.6636      0.07293524      0.08395657
    0.6659      0.07239984      0.08087283
    0.6631      0.07142876      0.08164512
    0.6611      0.07077872      0.08207061
    0.6685      0.07007857      0.07951888
    0.7152      0.06953696      0.08007532
    0.6629      0.06897443      0.07762190
    0.6612      0.06842769      0.07772953
    0.6647      0.06783210      0.07953102
    0.6643      0.06733748      0.07865727
    0.6615      0.06660815      0.07626397
    0.6633      0.06582804      0.07582056
    0.6630      0.06567288      0.07758174
    0.6648      0.06507362      0.07608263
    0.6630      0.06507180      0.07624998
    0.7124      0.06407063      0.07366213
    0.6620      0.06376810      0.07675249
    0.6666      0.06293049      0.07493110
    0.6716      0.06233570      0.07261446
    0.6693      0.06198661      0.07338284
    0.6682      0.06148576      0.07145761
    0.6685      0.06126002      0.07369420
    0.6685      0.06069754      0.07390025
    0.6690      0.06019265      0.07246095
    0.6650      0.05986369      0.07097477
    0.6668      0.05941419      0.07237764
    0.7099      0.05892276      0.07297289
    0.6610      0.05835126      0.07049566
    0.6681      0.05809253      0.07225602
    0.6671      0.05756077      0.07009278
    0.6623      0.05715120      0.07052005
    0.6623      0.05736817      0.06968741
    0.6649      0.05638363      0.06936317
    0.6618      0.05624318      0.06824286
    0.6618      0.05598846      0.06789446
    0.6628      0.05579580      0.07066173
    0.7112      0.05482587      0.06768434
    0.6621      0.05464292      0.06797094
    0.6623      0.05412968      0.06964574
    0.6614      0.05373906      0.06746977
    0.6666      0.05362028      0.06689601
    0.6662      0.05312929      0.06779186
    0.6630      0.05314898      0.06697945
    0.6625      0.05305367      0.06801180
    0.6620      0.05211207      0.06714027
    0.6632      0.05210207      0.06816054
    0.6624      0.05164248      0.06620003
    0.7118      0.05137135      0.06624203
    0.6656      0.05117954      0.06775496
    0.6695      0.05083373      0.06522325
    0.6602      0.05032632      0.06613569
    0.6629      0.05006880      0.06520111
    0.6616      0.04981373      0.06406111
    0.6620      0.05000228      0.06413987
    0.6650      0.04927642      0.06544575
    0.6601      0.04902420      0.06414468
    0.6588      0.04880317      0.06575521
    0.7058      0.04850916      0.06434431
    0.6612      0.04832125      0.06545230
    0.6626      0.04780374      0.06269563
    0.6616      0.04806578      0.06283002
    0.6619      0.04738698      0.06276100
    0.6624      0.04694561      0.06296039
    0.6644      0.04688736      0.06388190
    0.6804      0.04703118      0.06338409
    0.6717      0.04648432      0.06266454
    0.6720      0.04609250      0.06261849
    0.6712      0.04599725      0.06284779
    0.7212      0.04597542      0.06274790
    0.6697      0.04575895      0.06230305
    0.6700      0.04510445      0.06193402
    0.6681      0.04478391      0.06292135
    0.6679      0.04478006      0.06183372
    0.6635      0.04451366      0.06162237
    0.6682      0.04457588      0.06256712
    0.6710      0.04409765      0.06400791
    0.6696      0.04434135      0.06242839
    0.6646      0.04388153      0.06136891
    0.7132      0.04356527      0.06697164
    0.6651      0.04315587      0.06203890
    0.6636      0.04320435      0.06220783
    0.6641      0.04282396      0.06076674
    0.6623      0.04272026      0.06221218
    0.6648      0.04256735      0.06474895
    0.6633      0.04233870      0.06026827
    0.6625      0.04203401      0.06088695
    0.6744      0.04183862      0.06038385
    0.6704      0.04151434      0.06231473
    0.6667      0.04154135      0.05981361
    0.7113      0.04153070      0.05923095
    0.6648      0.04095862      0.05864540
    0.6645      0.04079635      0.06022955
    0.6653      0.04110811      0.06421784
    0.6654      0.04073182      0.05987642
    0.6633      0.04038536      0.06028144
    0.6623      0.04040346      0.05894570
    0.6671      0.04006013      0.05913354
    0.6612      0.03983320      0.05950931
    0.6601      0.04004640      0.06021923
    0.7082      0.03989988      0.05792856
    0.6606      0.03941033      0.05956607
    0.6601      0.03964359      0.06094349
    0.6590      0.03941470      0.05917894
    0.6599      0.03871661      0.05953706
    0.6598      0.03880816      0.05753638
    0.6606      0.03824105      0.05861878
    0.6597      0.03844257      0.06104016
    0.6595      0.03833620      0.05735890
    0.6629      0.03805850      0.06155315
    0.6616      0.03777450      0.05888236
    0.7165      0.03810675      0.06018775
    0.6676      0.03787671      0.05730719
    0.6666      0.03732291      0.05799423
    0.6669      0.03705015      0.05794151
    0.6670      0.03714050      0.05987158
    0.6666      0.03712515      0.05732294
    0.6673      0.03682138      0.05913332
    0.6659      0.03607826      0.05910202
    0.6651      0.03649240      0.05827965
    0.6631      0.03630411      0.05937395
    0.7154      0.03623914      0.05919600
    0.6673      0.03609132      0.05781588
    0.6658      0.03577230      0.05943805
    0.6626      0.03564226      0.05704281
    0.6648      0.03568818      0.05761094
    0.6614      0.03524764      0.05766388
    0.6625      0.03555318      0.05854358
    0.6637      0.03524332      0.05727074
    0.6612      0.03494855      0.06272407
    0.6604      0.03493672      0.05653242
    0.6631      0.03471655      0.05660077
    0.7100      0.03405429      0.05774882
    0.6623      0.03405957      0.05682260
    0.6635      0.03417008      0.05740085
    0.6658      0.03433219      0.06326465
    0.6631      0.03396596      0.05759496
    0.6622      0.03375137      0.05800542
