    9.6839      0.57158166      0.24023095
    9.7911      0.19905117      0.14837500
    9.4969      0.14799613      0.12150735
    9.6733      0.12043113      0.13376869
   10.2480      0.10479036      0.10463919
    9.8101      0.09186138      0.09588777
    9.8583      0.08224599      0.08446214
    9.6926      0.07557719      0.08765704
    9.9042      0.06878278      0.07381193
    9.7276      0.06454671      0.08603778
    9.5078      0.06035528      0.06645523
    9.4852      0.05662492      0.06098751
    9.8105      0.05332932      0.06265376
    9.9669      0.05074152      0.06888536
    9.6263      0.04785026      0.05535048
    9.8662      0.04558350      0.05757317
    9.7648      0.04347067      0.05062603
    9.7426      0.04065713      0.05104773
    9.5557      0.03956979      0.05200537
    9.7429      0.03769210      0.05230161
    9.5864      0.03642304      0.05451374
    9.5308      0.03485080      0.04834867
    9.6787      0.03390745      0.04833591
    9.5462      0.03212070      0.05020169
    9.7478      0.03112000      0.05001400
    9.8297      0.02981839      0.05473192
    9.7065      0.02920223      0.04843717
    9.7438      0.02758801      0.04699915
    9.7245      0.02659809      0.04652066
    9.3898      0.02548301      0.04537488
    9.7307      0.02474465      0.04876546
    9.6191      0.02392679      0.04744832
    9.4895      0.02267631      0.04654279
    9.8475      0.02178573      0.04654885
   10.1959      0.02167518      0.16962033
    9.8715      0.02096938      0.04703814
    9.7506      0.01975695      0.04946720
   10.1333      0.01923898      0.04747845
   10.2759      0.01885073      0.04734233
    9.9569      0.01860737      0.04582780
    9.7693      0.01773312      0.04820773
   10.1181      0.01730679      0.04480750
    9.8523      0.01630086      0.04735259
    9.8811      0.01585672      0.04716415
   10.0461      0.01563468      0.04905761
    9.8069      0.01474204      0.04713988
    9.5213      0.01437281      0.04821189
   10.3101      0.01397737      0.04689979
    9.8845      0.01334409      0.05025987
    9.7616      0.01295831      0.06455183
    9.4516      0.01250308      0.04848207
    9.3114      0.01199320      0.04869003
    9.5785      0.01166280      0.05298304
    9.3645      0.01142242      0.04812372
    9.3175      0.01099554      0.04742537
    9.7320      0.01056458      0.04867302
    9.3741      0.01013738      0.05090754
    9.8015      0.00946469      0.05162394
    9.8703      0.00923310      0.05223058
    9.7720      0.00894098      0.05320756
    9.4466      0.00874510      0.05590024
    9.5821      0.00844441      0.04995637
    9.8738      0.00810253      0.04947320
    9.7200      0.00788277      0.05043056
    9.5509      0.00782172      0.05102712
    9.9074      0.00752452      0.05515568
   10.1383      0.00680209      0.04968075
    9.7845      0.00689778      0.04972662
    9.7630      0.00626802      0.05155894
    9.5775      0.00605752      0.05193318
    9.9212      0.00577952      0.05326105
    9.7928      0.00572413      0.05180809
    9.7162      0.00534383      0.05131003
    9.9323      0.00514182      0.05611911
    9.9650      0.00510009      0.05371249
    9.9849      0.00488370      0.05549495
    9.9209      0.00478335      0.05493318
   10.2142      0.00446705      0.05379141
    9.9747      0.00433289      0.05364378
    9.9337      0.00410682      0.05449470
    9.9598      0.00406076      0.05523201
   10.0293      0.00391805      0.05372617
    9.9555      0.00357964      0.05702015
    9.9741      0.00371934      0.05505255
    9.8499      0.00347114      0.05808442
    9.8339      0.00323126      0.05954479
    9.7177      0.00317444      0.05856487
    9.7746      0.00291405      0.05589031
    9.7476      0.00293739      0.05786117
    9.8158      0.00276819      0.05872159
    9.7401      0.00263432      0.05710110
   10.0795      0.00262864      0.05786520
    9.8318      0.00247020      0.05890459
    9.8549      0.00250922      0.05742103
    9.9102      0.00234302      0.05952791
    9.5634      0.00225224      0.05891875
    9.4494      0.00210876      0.05903099
    9.3647      0.00210714      0.06468218
    9.3046      0.00206436      0.05957954
    9.6595      0.00194710      0.06084855
    9.8228      0.00190313      0.06001905
   10.2451      0.00178980      0.06100615
    9.9933      0.00177881      0.06132012
    9.8246      0.00173786      0.06263152
    9.6920      0.00164953      0.06149171
    9.8126      0.00160176      0.06190950
    9.7226      0.00154823      0.06304240
    9.5949      0.00146457      0.06280705
   10.1461      0.00144951      0.06296997
    9.9596      0.00143373      0.06415393
    9.5985      0.00134724      0.06323835
    9.7640      0.00133270      0.06424600
    9.7360      0.00127656      0.06454214
    9.8257      0.00125024      0.06548826
   10.0712      0.00125735      0.06422794
    9.8833      0.00120865      0.06533328
    9.9366      0.00113740      0.06555041
    9.5984      0.00114839      0.06586053
    9.4308      0.00109939      0.06576815
    9.5214      0.00105024      0.06511874
    9.6731      0.00100985      0.06511902
    9.7456      0.00102374      0.06656452
    9.9855      0.00099116      0.06654078
   10.7087      0.00096940      0.06727883
    9.9402      0.00092407      0.06845713
    9.8744      0.00090767      0.06710256
    9.6531      0.00088236      0.06754926
    9.8046      0.00084888      0.06757105
    9.8232      0.00082910      0.06783162
    9.4990      0.00079661      0.06875699
    9.4694      0.00078544      0.06833328
    9.9416      0.00076226      0.06889379
    9.8411      0.00072699      0.06868061
    9.5798      0.00072008      0.06813270
    9.9498      0.00070045      0.06915753
    9.6192      0.00067970      0.06912107
    9.6643      0.00066488      0.06972307
    9.7838      0.00065009      0.06948461
    9.7826      0.00063464      0.07048822
   10.2171      0.00061793      0.06937002
   10.0130      0.00061439      0.06906854
    9.5279      0.00059590      0.06967774
    9.3715      0.00058409      0.07055771
    9.8597      0.00056658      0.07097048
    9.7925      0.00056027      0.07048369
   10.0098      0.00054395      0.07101590
    9.4431      0.00054082      0.07099831
    9.8979      0.00051973      0.07141924
    9.9465      0.00051796      0.07121696
   10.1241      0.00050412      0.07161356
   10.1396      0.00049576      0.07153736
    9.7894      0.00049502      0.07167697
    9.8518      0.00048832      0.07247900
   10.2757      0.00046675      0.07203334
    9.7321      0.00046569      0.07190717
   10.0900      0.00045359      0.07304751
   10.0089      0.00044934      0.07291329
   10.0341      0.00044420      0.07356172
    9.9175      0.00043412      0.07286434
    9.9353      0.00043291      0.07277340
    9.8335      0.00042372      0.07295962
   10.1142      0.00041108      0.07398615
    9.7405      0.00040861      0.07397861
    9.8783      0.00040496      0.07397175
    9.7193      0.00039443      0.07415111
    9.8529      0.00038865      0.07488899
    9.6397      0.00038935      0.07437352
    9.6961      0.00038306      0.07449883
    9.7852      0.00037241      0.07447973
    9.8600      0.00036766      0.07504129
    9.9963      0.00036322      0.07414106
    9.8235      0.00035614      0.07492788
   10.3806      0.00035586      0.07550578
    9.9920      0.00035111      0.07479697
    9.8797      0.00034474      0.07507738
    9.7055      0.00033731      0.07581547
    9.6769      0.00033786      0.07523280
   10.0545      0.00033277      0.07606185
   10.1099      0.00032715      0.07652873
    9.9225      0.00032163      0.07573773
    9.8026      0.00031652      0.07580941
    9.9370      0.00031079      0.07610466
    9.8395      0.00031162      0.07670566
    9.8569      0.00030999      0.07645862
   10.0309      0.00030454      0.07608938
   10.0926      0.00030107      0.07628811
    9.9691      0.00029586      0.07631988
    9.8598      0.00029399      0.07697445
    9.8859      0.00028769      0.07659301
    9.9395      0.00028755      0.07679757
    9.9267      0.00028454      0.07724657
    9.6376      0.00027911      0.07788284
    9.4644      0.00027620      0.07713741
    9.6137      0.00027411      0.07708088
    9.5088      0.00027167      0.07768291
    9.3978      0.00026819      0.07725258
    9.5658      0.00026391      0.07782301
    9.5936      0.00026049      0.07853522
   10.0906      0.00026258      0.07774838
    9.9340      0.00025650      0.07816722
