    0.6610      1.00367556      0.42255539
    0.7103      0.35123794      0.26258250
    0.6608      0.25550489      0.20670360
    0.7091      0.21161456      0.22105616
    0.6610      0.18435055      0.16171847
    0.6599      0.16681903      0.14386666
    0.7107      0.15120085      0.15901978
    0.6632      0.14055734      0.13652458
    0.7138      0.13211638      0.13182449
    0.6657      0.12381029      0.11756278
    0.6642      0.11701899      0.11826706
    0.7120      0.11171358      0.10917152
    0.6628      0.10670830      0.10776137
    0.7103      0.10065290      0.09817127
    0.6660      0.09778649      0.10014082
    0.6688      0.09301952      0.09355937
    0.7182      0.08997431      0.09191910
    0.6678      0.08672606      0.11020990
    0.7215      0.08370291      0.08970158
    0.6666      0.08133462      0.09131872
    0.7174      0.07859790      0.08435929
    0.6644      0.07588772      0.08476269
    0.6639      0.07490488      0.09026881
    0.7109      0.07183944      0.07842847
    0.6638      0.07014829      0.08610788
    0.7168      0.06911069      0.07987161
    0.6677      0.06682536      0.07405782
    0.6632      0.06545827      0.07624882
    0.7137      0.06405613      0.07426777
    0.6639      0.06249000      0.07434513
    0.7129      0.06117739      0.06999542
    0.6625      0.06045985      0.07544617
    0.6626      0.05889092      0.07766324
    0.7137      0.05823378      0.07180027
    0.6661      0.05668228      0.07216126
    0.7139      0.05575770      0.07114333
    0.6676      0.05514638      0.06778128
    0.7141      0.05418112      0.08282678
    0.6646      0.05296406      0.06767106
    0.6641      0.05177876      0.06959291
    0.7182      0.05095267      0.07518154
    0.6651      0.05062292      0.06742584
    0.7122      0.04983645      0.06708338
    0.6640      0.04858733      0.06672323
    0.6718      0.04773548      0.06849755
    0.7136      0.04737419      0.06939394
    0.6646      0.04622977      0.06496842
    0.7260      0.04560016      0.06504405
    0.6633      0.04524672      0.06927459
    0.7108      0.04511626      0.08066963
    0.6664      0.04410233      0.06628383
    0.6632      0.04337851      0.06327847
    0.7141      0.04259844      0.06198606
    0.6623      0.04200977      0.06394836
    0.7152      0.04127587      0.06199007
    0.6660      0.04084093      0.06045959
    0.6636      0.04075903      0.06246957
    0.7167      0.03979035      0.05844699
    0.6659      0.03963384      0.06527159
    0.7183      0.03883870      0.06045068
    0.6671      0.03794543      0.05891556
    0.7213      0.03809817      0.06608855
    0.6680      0.03764310      0.05926190
    0.6668      0.03685207      0.05807849
    0.7205      0.03599516      0.06106916
    0.6661      0.03618047      0.06053187
    0.7148      0.03533073      0.06040926
    0.6651      0.03492292      0.05764854
    0.6644      0.03472499      0.06031478
    0.7141      0.03345654      0.05754998
    0.6651      0.03340160      0.05696218
    0.7150      0.03340096      0.06295388
    0.6620      0.03312982      0.06474357
    0.7170      0.03243755      0.05966777
    0.6653      0.03166772      0.05914745
    0.6656      0.03177447      0.06334673
    0.7173      0.03112594      0.05742016
    0.6655      0.03048809      0.05674028
    0.7162      0.03014151      0.06115676
    0.6654      0.03020844      0.06369080
    0.6649      0.02992817      0.06285603
    0.7161      0.02971758      0.05859078
    0.6647      0.02947787      0.06033894
    0.7162      0.02903783      0.05522582
    0.6637      0.02847038      0.06259262
    0.7155      0.02854475      0.06282292
    0.6630      0.02837980      0.05785456
    0.6620      0.02777401      0.06264563
    0.7108      0.02719956      0.05581658
    0.6632      0.02675896      0.06234118
    0.7164      0.02685782      0.05630438
    0.6667      0.02647646      0.05617730
    0.6654      0.02569312      0.06004825
    0.7200      0.02624618      0.06694277
    0.6674      0.02603568      0.05699914
    0.7177      0.02528248      0.06027904
    0.6679      0.02502878      0.05580371
    0.7176      0.02440717      0.05680171
    0.6667      0.02452050      0.05678297
    0.6657      0.02415687      0.05751108
    0.7185      0.02407337      0.05418455
    0.6672      0.02342362      0.05483923
    0.7167      0.02350262      0.05465199
    0.6639      0.02297801      0.05532071
    0.6637      0.02276750      0.05753324
    0.7199      0.02261850      0.05990979
    0.6665      0.02245812      0.05623512
    0.7173      0.02209719      0.05650039
    0.6659      0.02192063      0.06104893
    0.7157      0.02165964      0.05449143
    0.6653      0.02168680      0.06390806
    0.6656      0.02129154      0.05898786
    0.7159      0.02142562      0.05607980
    0.6656      0.02097851      0.05704747
    0.7124      0.02065427      0.05853852
    0.6661      0.02065717      0.05708199
    0.6639      0.02005543      0.06027992
    0.7140      0.02001849      0.05759002
    0.6631      0.01988846      0.06054408
    0.7108      0.01946986      0.07405946
    0.6624      0.01944567      0.05586226
    0.7102      0.01972843      0.07382397
    0.6619      0.01927826      0.05548089
    0.6622      0.01883059      0.05827513
    0.7127      0.01867462      0.05552236
    0.6627      0.01852091      0.06272839
    0.7124      0.01793095      0.05611263
    0.6639      0.01783234      0.05554566
    0.6629      0.01783775      0.05583159
    0.7105      0.01763621      0.05438820
    0.6623      0.01750006      0.05687074
    0.7101      0.01706902      0.05563858
    0.6637      0.01710045      0.06035713
    0.7103      0.01673441      0.05644247
    0.6627      0.01631348      0.05954488
    0.6704      0.01629732      0.05567355
    0.7124      0.01675658      0.05581490
    0.6622      0.01598997      0.05669346
    0.7110      0.01597559      0.05790906
    0.6626      0.01579130      0.05577221
    0.6636      0.01578805      0.05629223
    0.7123      0.01551611      0.06391400
    0.6635      0.01573961      0.05593909
    0.7097      0.01498993      0.05754715
    0.6625      0.01510656      0.05651085
    0.7097      0.01458994      0.06586457
    0.6628      0.01486644      0.05606645
    0.6627      0.01442502      0.05766952
    0.7151      0.01401106      0.05548205
    0.6618      0.01404469      0.05702482
    0.7161      0.01413612      0.05999407
    0.6662      0.01401083      0.05579904
    0.6646      0.01379858      0.06538574
    0.7163      0.01386435      0.05767006
    0.6652      0.01347898      0.05681813
    0.7164      0.01352704      0.06288416
    0.6655      0.01318421      0.05660868
    0.7161      0.01311303      0.05833008
    0.6648      0.01301732      0.06351471
    0.6647      0.01249085      0.06031269
    0.7143      0.01276016      0.05587742
    0.6644      0.01254030      0.08270353
    0.7133      0.01248016      0.05826964
    0.6623      0.01228777      0.05766201
    0.6623      0.01208459      0.05771974
    0.7111      0.01178674      0.06812318
    0.6622      0.01195733      0.06591541
    0.7103      0.01169647      0.05951225
    0.6613      0.01181042      0.05645521
    0.7128      0.01155335      0.05828115
    0.6632      0.01158666      0.05941402
    0.6616      0.01123805      0.05971247
    0.7134      0.01104456      0.05715991
    0.6674      0.01106416      0.06011138
    0.7141      0.01095361      0.05700185
    0.6639      0.01069753      0.05946800
    0.6617      0.01074210      0.05873442
    0.7130      0.01061172      0.05745431
    0.6654      0.01026667      0.06200391
    0.7135      0.01019266      0.05807735
    0.6649      0.01050937      0.06267354
    0.7125      0.01028563      0.05819329
    0.6628      0.00975014      0.05905197
    0.6617      0.01000078      0.05870533
    0.7112      0.01004012      0.06070166
    0.6629      0.00951549      0.05798139
    0.7108      0.00935042      0.06046682
    0.6620      0.00956487      0.05897924
    0.6629      0.00931676      0.05890396
    0.7145      0.00912105      0.05947170
    0.6641      0.00900324      0.06051634
    0.7118      0.00898440      0.05875238
    0.6642      0.00888525      0.05940566
    0.7107      0.00890701      0.06229530
    0.6617      0.00854128      0.06138952
    0.6624      0.00858637      0.05868198
    0.7164      0.00881062      0.06160722
    0.6660      0.00856037      0.06383725
    0.7163      0.00824926      0.06076765
    0.6653      0.00811161      0.05919860
