    0.9403      0.49683088      0.23349766
    0.9570      0.17030700      0.12501137
    1.0104      0.12480950      0.10424643
    0.9616      0.10289459      0.08663145
    1.0189      0.08943041      0.08083463
    0.9654      0.07901473      0.07227947
    0.9748      0.07203605      0.08448534
    0.9648      0.06600742      0.06717727
    0.9786      0.06069696      0.06235649
    0.9646      0.05595568      0.07709171
    0.9481      0.05335050      0.06640849
    0.9498      0.04998535      0.06893765
    1.0100      0.04681598      0.05580476
    0.9687      0.04471449      0.05500213
    0.9622      0.04295166      0.05748005
    0.9714      0.04090787      0.06983183
    0.9642      0.03885603      0.05588178
    0.9691      0.03717203      0.05043836
    0.9701      0.03534540      0.05060810
    0.9750      0.03376015      0.05352707
    1.0222      0.03284448      0.05099463
    0.9783      0.03123142      0.05055307
    0.9883      0.03017042      0.05017637
    0.9741      0.02911564      0.05113651
    0.9689      0.02754887      0.04897884
    0.9677      0.02667253      0.04999602
    0.9734      0.02583378      0.06222941
    0.9754      0.02480094      0.04723963
    1.0215      0.02398236      0.04758435
    0.9728      0.02285306      0.04915855
    0.9577      0.02223583      0.04982337
    0.9724      0.02144784      0.05081504
    0.9769      0.01995475      0.04786316
    0.9758      0.01957425      0.04873927
    0.9746      0.01897694      0.05469057
    0.9794      0.01838841      0.05135045
    1.0232      0.01767983      0.04760020
    0.9757      0.01718455      0.05434759
    0.9780      0.01638472      0.04680799
    0.9739      0.01545201      0.05001703
    0.9584      0.01527961      0.04875890
    0.9593      0.01443148      0.05445978
    1.0072      0.01380582      0.05197740
    0.9666      0.01374193      0.04872092
    1.0262      0.01275681      0.05044356
    0.9994      0.01241048      0.04744652
    1.0161      0.01201095      0.04944383
    0.9515      0.01180005      0.04721292
    0.9840      0.01117630      0.05012515
    0.9571      0.01070162      0.05116486
    0.9909      0.01030395      0.05139526
    0.9883      0.01005371      0.05042176
    1.0423      0.00962529      0.05225962
    0.9909      0.00929031      0.05146549
    0.9906      0.00905612      0.08599879
    0.9866      0.00875678      0.05207435
    0.9818      0.00842252      0.05325817
    0.9778      0.00783439      0.05408392
    0.9760      0.00782264      0.05198416
    0.9664      0.00750244      0.05472627
    1.0158      0.00716262      0.05253001
    0.9727      0.00659870      0.05310711
    0.9693      0.00654883      0.05237408
    0.9736      0.00639272      0.05115399
    0.9649      0.00611352      0.05470692
    0.9717      0.00597169      0.05464874
    0.9740      0.00563801      0.05435314
    0.9664      0.00549165      0.05316438
    1.0176      0.00511001      0.05375693
    0.9664      0.00508390      0.05311387
    0.9642      0.00489314      0.05342059
    0.9689      0.00453721      0.05674878
    0.9440      0.00443261      0.05475012
    0.9363      0.00414395      0.05690820
    0.9656      0.00417697      0.05609214
    0.9305      0.00376060      0.05545107
    0.9767      0.00374657      0.05527498
    0.9545      0.00366778      0.05695320
    0.9274      0.00353734      0.05866217
    0.9307      0.00335103      0.05868987
    0.9371      0.00317760      0.05649941
    0.9417      0.00301378      0.05862994
    0.9490      0.00294481      0.05698767
    0.9452      0.00270011      0.05859770
    1.0068      0.00258996      0.05924843
    0.9435      0.00260577      0.05864372
    0.9537      0.00242912      0.05915130
    0.9722      0.00239147      0.05953753
    0.9253      0.00224335      0.05994361
    0.9490      0.00211026      0.05945069
    0.9539      0.00197902      0.06000617
    0.9373      0.00202180      0.06258854
    0.9907      0.00189301      0.06268507
    0.9441      0.00190216      0.06450612
    0.9380      0.00170660      0.06185115
    0.9355      0.00165497      0.06307135
    0.9431      0.00162925      0.06085485
    0.9461      0.00166443      0.06297077
    0.9639      0.00154139      0.06240518
    0.9498      0.00150581      0.06406690
    1.0118      0.00150904      0.06308107
    0.9731      0.00145022      0.06387740
    0.9681      0.00139689      0.06602987
    0.9665      0.00130720      0.06399926
    0.9665      0.00123144      0.06428548
    0.9656      0.00119468      0.06548579
    0.9714      0.00117256      0.06414386
    0.9660      0.00110399      0.06586274
    1.0127      0.00109724      0.06582926
    0.9689      0.00105350      0.06592045
    0.9778      0.00101910      0.06634089
    0.9616      0.00097638      0.06589593
    0.9612      0.00095008      0.06619247
    0.9607      0.00092363      0.06699756
    0.9715      0.00090401      0.06745130
    0.9798      0.00085752      0.06721554
    1.0271      0.00085144      0.06789726
    0.9801      0.00081513      0.06849414
    0.9775      0.00079485      0.06775393
    0.9719      0.00078430      0.06823147
    0.9625      0.00076460      0.06746698
    0.9705      0.00074848      0.06957781
    0.9735      0.00071981      0.06938079
    0.9653      0.00070961      0.06905110
    1.0111      0.00069349      0.07032073
    0.9681      0.00068080      0.06949318
    0.9663      0.00066576      0.06924438
    0.9659      0.00064102      0.06974751
    0.9663      0.00061911      0.07033726
    0.9710      0.00061791      0.06991303
    0.9761      0.00060881      0.07026423
    0.9679      0.00060817      0.07104282
    1.0141      0.00058292      0.07041639
    0.9671      0.00057424      0.07124715
    0.9648      0.00056059      0.07169070
    0.9625      0.00055587      0.07137611
    0.9640      0.00054100      0.07158800
    0.9575      0.00053529      0.07141916
    0.9294      0.00051959      0.07277049
    0.9537      0.00051383      0.07170195
    1.0549      0.00050338      0.07148536
    0.9946      0.00049888      0.07224532
    0.9661      0.00048767      0.07277563
    0.9730      0.00048013      0.07300690
    0.9516      0.00047173      0.07265766
    0.9731      0.00046754      0.07264208
    0.9827      0.00045918      0.07343869
    0.9825      0.00044711      0.07395274
    1.0284      0.00044302      0.07434379
    0.9779      0.00043697      0.07347407
    0.9783      0.00042332      0.07384044
    0.9689      0.00042256      0.07414087
    0.9644      0.00041446      0.07427998
    0.9579      0.00040614      0.07502765
    0.9633      0.00040787      0.07514232
    0.9879      0.00039644      0.07492362
    0.9995      0.00039353      0.07484615
    0.9669      0.00038397      0.07493104
    0.9753      0.00037629      0.07498613
    0.9748      0.00037628      0.07576528
    0.9645      0.00037317      0.07557748
    0.9715      0.00036654      0.07535933
    0.9743      0.00036236      0.07593607
    0.9498      0.00035460      0.07584099
    1.0127      0.00035067      0.07591894
    0.9665      0.00034794      0.07597340
    0.9660      0.00034246      0.07699745
    0.9636      0.00033620      0.07616117
    0.9645      0.00033599      0.07665965
    0.9627      0.00032814      0.07645085
    0.9641      0.00031949      0.07668554
    0.9682      0.00032342      0.07692005
    1.0102      0.00031716      0.07718570
    0.9693      0.00031531      0.07689384
    0.9641      0.00030829      0.07709193
    0.9626      0.00030565      0.07745821
    0.9669      0.00030039      0.07766544
    0.9661      0.00029769      0.07780453
    0.9601      0.00029639      0.07735310
    0.9420      0.00029174      0.07744425
    0.9893      0.00029026      0.07784544
    0.9572      0.00028421      0.07777969
    0.9819      0.00028393      0.07916676
    0.9697      0.00027823      0.07831094
    0.9630      0.00027656      0.07894085
    0.9716      0.00027577      0.07877553
    0.9824      0.00027220      0.07876821
    0.9783      0.00026775      0.07920966
    1.0115      0.00026509      0.07920643
    0.9672      0.00026377      0.07877308
    0.9663      0.00026062      0.07956516
    0.9650      0.00025622      0.07941962
    0.9706      0.00025396      0.07936218
    0.9789      0.00025208      0.07948751
    0.9724      0.00024900      0.07973968
    0.9691      0.00024534      0.07999683
    1.0262      0.00024201      0.08009041
    0.9517      0.00024103      0.08001736
    0.9798      0.00023904      0.08041982
    0.9418      0.00023635      0.08036592
