   11.2661      1.99163848      1.47865062
   11.3336      1.10151500      0.85099458
   11.2572      0.70238679      0.53747272
   11.2870      0.50583363      0.44301061
   11.3727      0.41566355      0.36471761
   11.2375      0.35459395      0.32114727
   11.2621      0.32888393      0.27811524
   11.3158      0.28929861      0.26176205
   11.3848      0.28598784      0.24033308
   11.2493      0.25045603      0.23008659
   11.2830      0.23463101      0.21247366
   11.3385      0.22263902      0.21074897
   11.3975      0.21421121      0.19437165
   11.3238      0.20362289      0.19274303
   11.2923      0.19749702      0.19243295
   11.2835      0.18896821      0.17715080
   11.2806      0.18091504      0.16661146
   11.2896      0.17476932      0.16057943
   11.3883      0.17158088      0.15875444
   11.3140      0.16385605      0.15599749
   11.3366      0.16072277      0.14649967
   11.2716      0.15690090      0.14608398
   11.2426      0.15294829      0.13990988
   11.3625      0.14866066      0.14076117
   11.4033      0.14408065      0.13747352
   11.1922      0.14104157      0.13306112
   11.3461      0.13704936      0.13008324
   11.2659      0.13500644      0.12647424
   11.3714      0.13193191      0.12801207
   11.2799      0.12991681      0.12129679
   11.2528      0.12830675      0.13118332
   11.2592      0.12439540      0.11873179
   11.2339      0.12327431      0.11440435
   11.2516      0.12039219      0.11392221
   11.2192      0.11869190      0.11241610
   11.2362      0.11649144      0.10952640
   11.3033      0.11503872      0.10767283
   11.3127      0.11264534      0.10718922
   11.3312      0.11101039      0.10735243
   11.3452      0.10911370      0.10873187
   11.3331      0.10769967      0.10427222
   11.2251      0.10626491      0.10640203
   11.3407      0.10516871      0.10594394
   11.3389      0.10327072      0.10362657
   11.3426      0.10210012      0.10156012
   11.3072      0.10055551      0.09812157
   11.2778      0.09954897      0.09879704
   11.2612      0.09921270      0.09961974
   11.3089      0.09772026      0.09551540
   11.3095      0.09558339      0.09299518
   11.2997      0.09516165      0.09788105
   11.3017      0.09386806      0.09404756
   11.3057      0.09281987      0.09092140
   11.3214      0.09194412      0.09177751
   11.3159      0.09032762      0.08843744
   11.2237      0.08915275      0.09065780
   11.2551      0.08882750      0.08962181
   11.2905      0.08757016      0.08647649
   11.3334      0.08594460      0.08835412
   11.2690      0.08582204      0.09236659
   11.2303      0.08506016      0.08450206
   11.3736      0.08359507      0.08532951
   11.2458      0.08254291      0.08379512
   11.3814      0.08287830      0.09107814
   11.2546      0.08165221      0.08193951
   11.2456      0.08111056      0.08802701
   11.3358      0.07999277      0.08584314
   11.3301      0.07927188      0.08362225
   11.2477      0.07881142      0.09533208
   11.2953      0.07854241      0.08058666
   11.2776      0.07737460      0.08060373
   11.3207      0.07662695      0.08146061
   11.2489      0.07600626      0.08106005
   11.3641      0.07532347      0.08198234
   11.3261      0.07465347      0.07863381
   11.2551      0.07392608      0.08036486
   11.2425      0.07362426      0.07866713
   11.3310      0.07261907      0.07878740
   11.2979      0.07264180      0.07730033
   11.2401      0.07196590      0.07743951
   11.3260      0.07091567      0.07555891
   11.2589      0.07051179      0.07443159
   11.3843      0.07045028      0.07546346
   11.2946      0.06960459      0.07533872
   11.2900      0.06907582      0.07644619
   11.3635      0.06890223      0.07460436
   11.2610      0.06815889      0.07429827
   11.3062      0.06747959      0.07703431
   11.3177      0.06728970      0.07420114
   11.2758      0.06698186      0.07850472
   11.2441      0.06606583      0.07549626
   11.2910      0.06624237      0.07217314
   11.2939      0.06535048      0.07320548
   11.3655      0.06490690      0.07242438
   11.2938      0.06489507      0.07290441
   11.2885      0.06383815      0.07403713
   11.3074      0.06360490      0.07528116
   11.2537      0.06312417      0.07143350
   11.2886      0.06306963      0.07029038
   11.2482      0.06231943      0.07102155
   11.1744      0.06211092      0.07223962
   11.2728      0.06205434      0.07122585
   11.2229      0.06155790      0.07139374
   11.4270      0.06127272      0.07207180
   11.3229      0.06050484      0.07224285
   11.2599      0.06058899      0.07073203
   11.2744      0.06016709      0.06930704
   11.3128      0.05933643      0.07222057
   11.3375      0.05900375      0.07618478
   11.2447      0.05878577      0.06912466
   11.3124      0.05851456      0.07082239
   11.1783      0.05804774      0.06821812
   11.2591      0.05761792      0.06970726
   11.3218      0.05736866      0.06854196
   11.2515      0.05689483      0.06722540
   11.2134      0.05694099      0.07264338
   11.2315      0.05659247      0.06770202
   11.2426      0.05605930      0.06965692
   11.3108      0.05619157      0.06937874
   11.2717      0.05588128      0.06759270
   11.3314      0.05512398      0.06705968
   11.2983      0.05508688      0.06974742
   11.2789      0.05511046      0.06912209
   11.3544      0.05464158      0.06751655
   11.3473      0.05440927      0.06777155
   11.2124      0.05420359      0.07071164
   11.2256      0.05380525      0.06613463
   11.2929      0.05348180      0.06542190
   11.3252      0.05321414      0.06480538
   11.2888      0.05310770      0.06460626
   11.2730      0.05253618      0.06499004
   11.3236      0.05234015      0.06592472
   11.2646      0.05181309      0.06443450
   11.3074      0.05191469      0.06425260
   11.2599      0.05153024      0.06595568
   11.2575      0.05121471      0.06339892
   11.3600      0.05128254      0.06689410
   11.2907      0.05123219      0.06357691
   11.3489      0.05060412      0.06406446
   11.3226      0.05058669      0.06920817
   11.3303      0.05029623      0.06340186
   11.3000      0.05031431      0.06309827
   11.2490      0.04997824      0.06318775
   11.3183      0.04930598      0.06220494
   11.2905      0.04933869      0.06696688
   11.1845      0.04919625      0.06199348
   11.1948      0.04923829      0.06375826
   11.2608      0.04844492      0.06157319
   11.3028      0.04825608      0.06131425
   11.1798      0.04825618      0.06542215
   11.3796      0.04789499      0.06224970
   11.2597      0.04817074      0.06363650
   11.3797      0.04733571      0.06192791
   11.3253      0.04745294      0.06321320
   11.2467      0.04714066      0.06077442
   11.3136      0.04718558      0.06285972
   11.2548      0.04689036      0.06087662
   11.2715      0.04663067      0.06073893
   11.3567      0.04629388      0.06058692
   11.2818      0.04634454      0.06492769
   11.2755      0.04590529      0.06072372
   11.2890      0.04602220      0.06167697
   11.2155      0.04581523      0.06198377
   11.3465      0.04558695      0.06332878
   11.2877      0.04563745      0.06328405
   11.2002      0.04514821      0.06074213
   11.3442      0.04468441      0.05981931
   11.2712      0.04475494      0.06149091
   11.3054      0.04465123      0.06158091
   11.3598      0.04445286      0.06385646
   11.2610      0.04424614      0.06043871
   11.3319      0.04410633      0.06276811
   11.2760      0.04422348      0.06176107
   11.3424      0.04422713      0.06302011
   11.2843      0.04371060      0.06002475
   11.2883      0.04370453      0.05879082
   11.2525      0.04320262      0.06106339
   11.2647      0.04334544      0.05891651
   11.3560      0.04282044      0.05894623
   11.2902      0.04304782      0.05852663
   11.1849      0.04256399      0.06024710
   11.2900      0.04255442      0.05896803
   11.3746      0.04230952      0.05892537
   11.3384      0.04235570      0.05874704
   11.2248      0.04233612      0.05859690
   11.3167      0.04207166      0.05812652
   11.2454      0.04175963      0.05974895
   11.2830      0.04173710      0.05755030
   11.4292      0.04147621      0.05977916
   11.3570      0.04144497      0.05743588
   11.4253      0.04122588      0.05920129
   11.3167      0.04127765      0.05828584
   11.3236      0.04116347      0.05860903
   11.4608      0.04064198      0.05957909
   11.3379      0.04081368      0.05953008
   11.2501      0.04065983      0.05768662
   11.3289      0.04034752      0.05655305
   11.3502      0.04023086      0.05793707
   11.4668      0.04034718      0.06076251
   11.4252      0.03972704      0.05858737
