   11.0355      0.83252439      0.41780498
   10.9304      0.33900285      0.26992005
   10.6926      0.25096999      0.34995905
   10.7917      0.20776109      0.18517706
   10.7477      0.17938225      0.17887284
   10.8880      0.15977806      0.14608442
   10.4783      0.14590419      0.18094944
   10.4973      0.13477829      0.14349023
   10.5437      0.12469041      0.11496119
   10.5063      0.11645355      0.13325086
   10.4143      0.10918287      0.11595568
   10.4177      0.10320549      0.09740351
   10.3988      0.09834003      0.09621762
   10.3741      0.09332191      0.09348838
   10.4189      0.08966792      0.10940201
   10.3572      0.08579156      0.09313644
   10.4705      0.08263256      0.10234680
   10.3889      0.07965052      0.09551737
   10.4571      0.07646395      0.08525716
   10.4167      0.07448925      0.07898601
   10.3761      0.07146652      0.07998859
   10.4083      0.07023570      0.08169236
   10.3995      0.06823828      0.07785605
   10.4092      0.06633693      0.08471401
   10.3751      0.06435437      0.07899719
   10.5229      0.06317010      0.07334062
   10.3843      0.06147927      0.07168458
   10.3519      0.05995584      0.07689352
   10.3944      0.05873856      0.07351883
   10.4455      0.05723932      0.07230766
   10.4174      0.05618383      0.06859788
   10.4135      0.05480414      0.06703426
   10.3848      0.05424766      0.07044562
   10.3684      0.05280287      0.06596025
   10.4260      0.05146604      0.06348052
   10.3565      0.05056682      0.07092764
   10.4314      0.04963899      0.06454566
   10.3506      0.04947886      0.06324342
   10.3200      0.04753676      0.07448186
   10.4216      0.04697795      0.06485158
   10.3318      0.04665488      0.06279439
   10.4275      0.04557157      0.06735667
   10.3464      0.04500047      0.06187368
   10.3930      0.04350217      0.06062021
   10.3115      0.04344846      0.06376602
   10.2697      0.04257991      0.06173298
   10.4029      0.04212573      0.07808875
   10.3476      0.04113051      0.06078896
   10.4087      0.04060289      0.06340419
   10.3627      0.03976120      0.06489647
   10.3829      0.03904463      0.05920330
   10.5241      0.03825552      0.05878058
   10.4163      0.03826979      0.05926688
   10.4183      0.03740854      0.05858512
   10.4042      0.03659352      0.06691185
   10.3525      0.03646263      0.05733602
   10.4007      0.03562146      0.06123244
   10.3462      0.03520051      0.05795375
   10.3874      0.03477476      0.06099246
   10.3464      0.03469386      0.06148742
   10.2677      0.03389663      0.08379952
   10.4053      0.03334512      0.05925341
   10.3249      0.03251638      0.05430447
   10.2990      0.03262012      0.06227744
   10.3650      0.03176702      0.05481547
   10.3385      0.03185135      0.05588500
   10.3412      0.03117101      0.05973391
   10.3147      0.03097390      0.05881224
   10.3894      0.03016018      0.05691514
   10.3326      0.02984385      0.05575809
   10.5268      0.02960675      0.05716371
   10.3651      0.02944973      0.06181676
   10.4103      0.02867045      0.06692561
   10.3937      0.02860696      0.05630238
   10.4061      0.02809508      0.05433852
   10.4330      0.02765508      0.05409054
   10.3436      0.02695083      0.05620246
   10.4400      0.02716640      0.05610193
   10.3831      0.02667989      0.05496022
   10.3899      0.02650311      0.05407845
   10.4335      0.02603805      0.05465091
   10.3384      0.02560269      0.05537662
   10.3584      0.02509009      0.05657894
   10.3346      0.02520057      0.05410917
   10.4612      0.02452635      0.05255071
   10.3734      0.02469496      0.05445232
   10.3967      0.02403447      0.05389917
   10.4204      0.02397396      0.06283919
   10.4395      0.02318448      0.05308961
   10.4093      0.02357577      0.05475977
   10.3341      0.02298616      0.05802358
   10.4205      0.02287290      0.05700260
   10.3556      0.02245919      0.06009595
   10.3880      0.02206596      0.05255124
   10.3743      0.02177968      0.05500748
   10.3702      0.02169854      0.05986852
   10.4535      0.02138313      0.07205254
   10.4085      0.02148582      0.05307608
   10.4063      0.02101775      0.05740886
   10.4539      0.02067539      0.05718529
   10.4047      0.02041913      0.05495625
   10.3422      0.02046837      0.05441867
   10.3438      0.02004454      0.05352625
   10.4231      0.01936482      0.05384536
   10.3884      0.01923699      0.05500760
   10.3986      0.01891927      0.05405484
   10.4867      0.01910181      0.06123799
   10.4116      0.01851701      0.05854731
   10.4721      0.01841247      0.05358621
   10.5334      0.01852041      0.06517822
   10.4175      0.01818613      0.06262964
   10.5127      0.01792040      0.05353962
   10.4725      0.01785318      0.07761445
   10.4799      0.01760940      0.05502162
   10.4093      0.01704525      0.05881657
   10.4280      0.01709271      0.05421840
   10.4610      0.01693706      0.05608488
   10.5014      0.01629099      0.05673449
   10.4491      0.01657991      0.05208096
   10.5187      0.01634061      0.06386249
   10.4079      0.01619079      0.05924912
   10.5658      0.01575226      0.05380230
   10.8117      0.01557473      0.05513208
   10.6126      0.01567885      0.05449616
   10.4778      0.01549698      0.05679631
   10.5051      0.01512971      0.05755944
   10.4718      0.01538783      0.06747613
   10.4599      0.01480966      0.05337955
   10.4305      0.01446633      0.05488215
   10.4317      0.01468107      0.06216717
   10.4063      0.01439458      0.05932260
   10.4205      0.01421137      0.05505731
   10.4625      0.01393810      0.05511017
   10.3060      0.01373629      0.05393308
   10.4984      0.01352642      0.05720206
   10.4333      0.01343635      0.05448667
   10.4728      0.01322972      0.05505947
   10.4040      0.01327219      0.05460784
   10.4256      0.01276110      0.05320408
   10.4320      0.01307830      0.05624156
   10.4486      0.01259689      0.05905347
   10.4833      0.01257958      0.05634120
   10.4550      0.01236278      0.05496506
   10.4561      0.01216876      0.05630063
   10.4871      0.01217673      0.05378305
   10.4764      0.01206688      0.05398570
   10.4235      0.01184664      0.06620239
   10.5504      0.01184507      0.05458127
   10.4525      0.01151696      0.05575787
   10.5989      0.01147718      0.05435978
   10.7000      0.01121296      0.05940475
   10.3733      0.01125042      0.05558964
   10.5161      0.01097664      0.05788834
   10.3986      0.01095304      0.05510501
   10.5360      0.01082531      0.10728605
   10.4037      0.01098797      0.05528125
   10.5275      0.01041567      0.05749322
   10.4434      0.01037943      0.06052134
   10.4003      0.01015772      0.05550092
   10.3433      0.00991565      0.05728446
   10.2634      0.01018870      0.05651391
   10.3841      0.00982392      0.05532922
   10.2453      0.00978918      0.05567332
   10.3333      0.00953994      0.05708412
   10.2863      0.00939426      0.05578531
   10.2776      0.00941696      0.05512518
   10.2126      0.00941424      0.06619731
   10.1926      0.00928191      0.05813850
   10.2995      0.00906969      0.06518789
   10.2448      0.00888716      0.05672610
   10.4477      0.00893867      0.05841719
   10.2757      0.00874212      0.05600925
   10.3341      0.00854360      0.05666187
   10.2400      0.00851452      0.05913858
   10.3604      0.00841385      0.05945915
   10.3102      0.00839863      0.05749906
   10.2172      0.00823917      0.05777743
   10.2781      0.00810516      0.05800996
   10.2143      0.00805927      0.05719919
   10.3460      0.00799045      0.05794245
   10.2336      0.00780812      0.05747162
   10.3304      0.00768458      0.05830612
   10.2860      0.00758316      0.06019715
   10.4656      0.00759958      0.05865482
   10.7258      0.00754411      0.05924099
   10.4690      0.00731952      0.05714844
   10.5014      0.00732121      0.06321334
   10.4057      0.00735368      0.06269613
   10.2945      0.00725301      0.05918829
   10.3545      0.00711597      0.05854090
   10.3381      0.00701499      0.06265847
   10.3734      0.00697193      0.06108300
   10.3478      0.00686391      0.05894307
   10.4042      0.00679671      0.06238076
   10.2967      0.00667310      0.06144355
   10.3936      0.00667079      0.06022786
   10.3227      0.00649180      0.05977159
   10.3611      0.00641503      0.05963672
   10.3207      0.00628671      0.06355347
   10.3920      0.00645973      0.05930061
